      400.000000  -0.00599547276     -9.99995619 LE
      399.999919     0.254032956     -9.68218640
      399.999727     0.467473116     -9.33043446
      399.999499     0.633254693     -8.95325283
      399.999294     0.751309612     -8.55939181
      399.999155     0.822330449     -8.15751577
      399.999102     0.847538478     -7.75594203
      399.999142     0.828482786     -7.36241520
      399.999265     0.766885648     -6.98392869
      399.999448     0.664528292     -6.62659907
      399.999629     0.544719428     -6.27578973
      399.999837     0.361212811     -5.72302287
      399.999981     0.124208544     -4.98056492
      399.999969    -0.158438033     -4.05803765
      399.999704    -0.486667042     -2.94974257
      399.999073    -0.861022572     -1.63687484
      399.998027     -1.25643869    -0.137594211
      399.996650     -1.63696327      1.50236750
      399.995046     -1.99084049      3.28810763
      399.993395     -2.29861593      5.22174643
      399.992008     -2.52854161      7.27059222
      399.991169     -2.65793247      9.42354623
      399.991148     -2.66111134      11.6647751
      399.992098     -2.51428503      13.9812095
      399.993979     -2.19478138      16.3675996
      399.996474     -1.67955940      18.8159971
      399.998880    -0.946518200      21.3179101
      399.999999    0.0221125884      23.8589263
      399.998103      1.23198412      26.4131933
      399.991027      2.67919566      28.9520275
      399.976384      4.34652275      31.4477918
      399.951838      6.20705819      33.8745317
      399.915366      8.22801097      36.2123711
      399.865430      10.3748492      38.4468222
      399.801073      12.6135753      40.5705892
      399.722173      14.9058485      42.5755430
      399.628961      17.2247880      44.4602286
      399.522693      19.5350382      46.2220446
      399.404738      21.8141055      47.8625003
      399.276270      24.0511999      49.3926669
      399.140638      26.2059431      50.8031932
      399.000734      28.2562260      52.0904152
      398.859690      30.1819071      53.2583876
      398.720558      31.9674358      54.3081915
      398.586357      33.5993439      55.2419629
      398.460061      35.0653694      56.0614855
      398.344491      36.3547361      56.7681168
      398.242238      37.4582434      57.3629156
      398.155598      38.3682179      57.8467104
      398.086519      39.0784212      58.2201972
      398.036561      39.5840384      58.4839263
      398.006861      39.8815549      58.6382031
      397.991968      40.0299075      58.7318921
      397.978813      40.1604794      58.8495783
      397.967797      40.2694950      58.9878669
      397.959259      40.3537835      59.1427624
      397.953466      40.4108734      59.3097834
      397.950602      40.4390664      59.4840922
      397.950762      40.4374928      59.6606345
      397.953947      40.4061420      59.8342870
      397.960062      40.3458700      60.0000067 TE
      397.968922      40.2583797      60.1529783
      397.980256      40.1461774      60.2887560
      397.993718      40.0125026      60.4033936
      398.008897      39.8612357      60.4935604
      398.025332      39.6967844      60.5566392
      398.042532      39.5239532      60.5908024
      398.059984      39.3477993      60.5950653
      398.077177      39.1734801      60.5693139
      398.093613      39.0060976      60.5143072
      398.123846      38.6962920      60.3821822
      398.174738      38.1690697      60.1573561
      398.245169      37.4270668      59.8409877
      398.333605      36.4738112      59.4346272
      398.438119      35.3138145      58.9402644
      398.556427      33.9525314      58.3603088
      398.685941      32.3963025      57.6975173
      398.823816      30.6523091      56.9549558
      398.966997      28.7286453      56.1360866
      399.112278      26.6343686      55.2450512
      399.256446      24.3780648      54.2861320
      399.396284      21.9683424      53.2621118
      399.528564      19.4145942      52.1668059
      399.649826      16.7336913      50.9480068
      399.756036      13.9682369      49.5892862
      399.844772      11.1426368      48.0843333
      399.914337      8.27786911      46.4151896
      399.963496      5.40384962      44.5727854
      399.991887      2.54763963      42.5389624
      399.999920    -0.252923746      40.2992808
      399.989070     -2.95699858      37.8401726
      399.961959     -5.51643130      35.1500679
      399.922459     -7.87573085      32.2239523
      399.875711     -9.97074468      29.0700147
      399.827765     -11.7370660      25.7161400
      399.784900     -13.1161591      22.2104570
      399.752573     -14.0670003      18.6289382
      399.734240     -14.5786644      15.0613716
      399.730791     -14.6729264      11.5954692
      399.740805     -14.3975210      8.31009260
      399.761298     -13.8168298      5.25949508
      399.788713     -12.9994274      2.47739804
      399.819628     -12.0110348   -0.0123976855
      399.851232     -10.9083534     -2.22167654
      399.881244     -9.74632031     -4.13473236
      399.907963     -8.58027159     -5.73982349
      399.930665     -7.44734458     -7.08860764
      399.949075     -6.38258845     -8.20777903
      399.963247     -5.42229429     -9.07876558
      399.973426     -4.61071308     -9.70724559
      399.980098     -3.99010540     -10.1258690
      399.983875     -3.59166882     -10.3706594
      399.987330     -3.18370953     -10.5785330
      399.990520     -2.75393821     -10.7265285
      399.993309     -2.31351609     -10.8109638
      399.995613     -1.87348353     -10.8299366
      399.997392     -1.44430238     -10.7833645
      399.998660     -1.03546897     -10.6729520
      399.999463    -0.655215217     -10.5020880
      399.999880    -0.310314116     -10.2756829

      449.999872  -0.00601425943     -9.99995618 LE
      449.999944     0.253945259     -9.68218573
      449.999867     0.467180251     -9.33043304
      449.999691     0.632626914     -8.95325062
      449.999459     0.750227692     -8.55938884
      449.999227     0.820689155     -8.15751210
      449.999091     0.845249274     -7.75593773
      449.999098     0.825475786     -7.36241038
      449.999211     0.763110877     -6.98392346
      449.999374     0.659956061     -6.62659357
      449.999535     0.539337769     -6.27578525
      449.999732     0.354561146     -5.72297683
      449.999924     0.115875668     -4.98037970
      450.000062    -0.168801585     -4.05755346
      449.999921    -0.499356101     -2.94873483
      449.999216    -0.876268914     -1.63507459
      449.998024     -1.27433260    -0.134752466
      449.996814     -1.65746063      1.50652290
      449.995374     -2.01378107      3.29400913
      449.993868     -2.32360503      5.22971318
      449.992624     -2.55497761      7.28089363
      449.991853     -2.68499126      9.43651888
      449.991854     -2.68771384      11.6804508
      449.992931     -2.53913227      13.9999918
      449.994696     -2.21652050      16.3891153
      449.996917     -1.69662091      18.8396655
      449.999124    -0.956890762      21.3447919
      450.000100    0.0189782909      23.8879399
      449.998205      1.23693376      26.4425983
      449.991839      2.69327261      28.9817938
      449.978628      4.36985376      31.4771185
      449.956825      6.23938635      33.9025981
      449.924062      8.26939807      36.2389058
      449.879085      10.4248073      38.4717753
      449.821426      12.6709829      40.5930046
      449.750742      14.9712799      42.5955800
      449.667394      17.2977387      44.4784004
      449.572242      19.6144010      46.2378539
      449.466777      21.9004880      47.8761658
      449.351849      24.1437860      49.4043911
      449.230593      26.3044090      50.8129024
      449.105628      28.3603310      52.0985417
      448.979360      30.2912071      53.2650395
      448.854863      32.0816559      54.3134593
      448.735078      33.7181093      55.2460807
      448.622286      35.1882553      56.0646021
      448.518870      36.4812858      56.7703371
      448.427339      37.5879787      57.3643598
      448.349831      38.5006203      57.8475414
      448.288085      39.2129314      58.2205821
      448.243445      39.7200620      58.4840123
      448.216912      40.0184445      58.6381072
      448.203588      40.1674510      58.7318115
      448.191817      40.2986379      58.8495142
      448.181957      40.4082108      58.9878195
      448.174310      40.4929821      59.1427311
      448.169115      40.5504658      59.3097669
      448.166537      40.5789524      59.4840888
      448.166660      40.5775639      59.6606422
      448.169487      40.5462854      59.8343036
      448.174933      40.4859716      60.0000299 TE
      448.182835      40.3983281      60.1530062
      448.192952      40.2858666      60.2887869
      448.204975      40.1518352      60.4034260
      448.218536      40.0001249      60.4935930
      448.233225      39.8351567      60.5566707
      448.248600      39.6617495      60.5908315
      448.264206      39.4849766      60.5950905
      448.279584      39.3100123      60.5693336
      448.294290      39.1419765      60.5143197
      448.321309      38.8313491      60.3823588
      448.366796      38.3026794      60.1577975
      448.429747      37.5586442      59.8418147
      448.508788      36.6027864      59.4359682
      448.602184      35.4396586      58.9422314
      448.707893      34.0747933      58.3629662
      448.823666      32.5146031      57.7009173
      448.947050      30.7663041      56.9591959
      449.075199      28.8379761      56.1413127
      449.204986      26.7387941      55.2512254
      449.333699      24.4774879      54.2933819
      449.458867      22.0623858      53.2705928
      449.577351      19.5032312      52.1767074
      449.685750      16.8166975      50.9603228
      449.780748      14.0448496      49.6033734
      449.860324      11.2134106      48.1008458
      449.922569      8.34197922      46.4347119
      449.966854      5.46048652      44.5945474
      449.992359      2.59732771      42.5635998
      449.999799    -0.210954253      40.3270725
      449.990392     -2.92345287      37.8707030
      449.966623     -5.49165013      35.1832663
      449.931232     -7.86017091      32.2593884
      449.889549     -9.96506471      29.1059934
      449.846772     -11.7402740      25.7520972
      449.808616     -13.1279608      22.2459188
      449.779585     -14.0864917      18.6610090
      449.763130     -14.6036660      15.0892537
      449.759668     -14.7013751      11.6189289
      449.768540     -14.4273903      8.32874448
      449.786790     -13.8464213      5.27383390
      449.811276     -13.0274493      2.48792902
      449.838815     -12.0366276  -0.00495602325
      449.867377     -10.9310253     -2.21663333
      449.894100     -9.76582473     -4.13156823
      449.917750     -8.59662915     -5.73795276
      449.938005     -7.46075718     -7.08757241
      449.954569     -6.39335996     -8.20729633
      449.967364     -5.43081160     -9.07859797
      449.976316     -4.61742832     -9.70720995
      449.982066     -3.99550796     -10.1258679
      449.985302     -3.59625804     -10.3706586
      449.988271     -3.18749715     -10.5785330
      449.991035     -2.75695464     -10.7265292
      449.993476     -2.31581199     -10.8109649
      449.995518     -1.87512941     -10.8299380
      449.997129     -1.44538739     -10.7833660
      449.998317     -1.03609881     -10.6729533
      449.999124    -0.655509377     -10.5020890
      449.999616    -0.310402451     -10.2756834

      500.000000  -0.00599563537     -9.99995618 LE
      499.999935     0.254034036     -9.68218635
      499.999781     0.467475435     -9.33043421
      499.999599     0.633258182     -8.95325218
      499.999436     0.751314130     -8.55939059
      499.999324     0.822335792     -8.15751382
      499.999282     0.847544403     -7.75593921
      499.999314     0.828489036     -7.36241142
      499.999412     0.766891973     -6.98392390
      499.999558     0.664534472     -6.62659328
      499.999703     0.544727886     -6.27579048
      499.999870     0.361221653     -5.72302479
      499.999985     0.124217958     -4.98056887
      499.999975    -0.158427627     -4.05804472
      499.999763    -0.486654655     -2.94975365
      499.999259    -0.861006812     -1.63688998
      499.998421     -1.25641879    -0.137614769
      499.997320     -1.63693917      1.50233922
      499.996037     -1.99081199      3.28808271
      499.994716     -2.29858355      5.22172707
      499.993607     -2.52851206      7.27055993
      499.992936     -2.65790091      9.42355244
      499.992919     -2.66108266      11.6646554
      499.993679     -2.51422658      13.9813360
      499.995183     -2.19483127      16.3674830
      499.997179     -1.67962901      18.8151111
      499.999105    -0.945932864      21.3180716
      500.000000    0.0222823176      23.8593796
      499.998483      1.23186676      26.4129941
      499.992822      2.67916463      28.9519974
      499.981107      4.34652393      31.4477556
      499.961473      6.20693261      33.8743469
      499.932290      8.22831111      36.2123092
      499.892338      10.3754529      38.4473739
      499.840876      12.6134469      40.5704678
      499.777735      14.9068919      42.5751786
      499.703149      17.2268118      44.4605112
      499.618151      19.5372195      46.2220945
      499.523754      21.8178691      47.8623057
      499.420960      24.0562882      49.3924316
      499.312431      26.2125209      50.8027271
      499.200473      28.2646002      52.0901298
      499.087609      30.1920200      53.2581626
      498.976263      31.9795143      54.3078533
      498.868860      33.6133986      55.2416702
      498.767781      35.0813488      56.0612598
      498.675282      36.3725541      56.7678866
      498.593439      37.4777606      57.3626293
      498.524089      38.3892247      57.8463957
      498.468795      39.1006447      58.2198979
      498.428804      39.6071565      58.4836601
      498.405008      39.9054831      58.6381088
      498.393086      40.0541065      58.7318159
      498.382557      40.1849129      58.8495214
      498.373739      40.2941185      58.9878292
      498.366906      40.3785465      59.1427429
      498.362270      40.4357207      59.3097804
      498.359980      40.4639406      59.4841033
      498.360110      40.4623365      59.6606571
      498.362661      40.4308999      59.8343184
      498.367559      40.3704907      60.0000442 TE
      498.374653      40.2828177      60.1530197
      498.383727      40.1703939      60.2887996
      498.394504      40.0364666      60.4034379
      498.406654      39.8849240      60.4936043
      498.419810      39.7201821      60.5566816
      498.433577      39.5470530      60.5908422
      498.447546      39.3706014      60.5951012
      498.461307      39.1959920      60.5693442
      498.474462      39.0283337      60.5143301
      498.498683      38.7177418      60.3820710
      498.539416      38.1896717      60.1572339
      498.595789      37.4464903      59.8408705
      498.666574      36.4917479      59.4345455
      498.750228      35.3300196      58.9402285
      498.844917      33.9668821      58.3602638
      498.948567      32.4087631      57.6974103
      499.058904      30.6628501      56.9548327
      499.173491      28.7371945      56.1360658
      499.289747      26.6411041      55.2449008
      499.405098      24.3833476      54.2859547
      499.517000      21.9719517      53.2620578
      499.622840      19.4169506      52.1667824
      499.719859      16.7350766      50.9485799
      499.804846      13.9683901      49.5893027
      499.875817      11.1430476      48.0843367
      499.931471      8.27793913      46.4159870
      499.970808      5.40289343      44.5727126
      499.993511      2.54732301      42.5388196
      499.999936    -0.253086188      40.2994505
      499.991254     -2.95727969      37.8401498
      499.969565     -5.51673814      35.1500512
      499.937965     -7.87600697      32.2240805
      499.900558     -9.97157505      29.0695598
      499.862211     -11.7375348      25.7155378
      499.827921     -13.1167421      22.2110876
      499.802047     -14.0681779      18.6289252
      499.787382     -14.5798853      15.0611048
      499.784623     -14.6741469      11.5954676
      499.792636     -14.3986426      8.30998354
      499.809032     -13.8178146      5.25944140
      499.830965     -13.0002284      2.47735115
      499.855699     -12.0116611   -0.0124258853
      499.880983     -10.9088206     -2.22169110
      499.904994     -9.74664781     -4.13474407
      499.926370     -8.58049203     -5.73983291
      499.944532     -7.44748705     -7.08861492
      499.959260     -6.38267595     -8.20778394
      499.970597     -5.42234619     -9.07876803
      499.978741     -4.61074446     -9.70724624
      499.984079     -3.99012626     -10.1258687
      499.987100     -3.59169167     -10.3706547
      499.989864     -3.18372710     -10.5785292
      499.992416     -2.75395141     -10.7265255
      499.994648     -2.31352587     -10.8109615
      499.996490     -1.87349075     -10.8299349
      499.997914     -1.44430769     -10.7833634
      499.998928     -1.03547280     -10.6729513
      499.999571    -0.655217784     -10.5020876
      499.999904    -0.310315489     -10.2756828

      549.999872  -0.00597708727     -9.99995619 LE
      549.999915     0.254123491     -9.68218840
      549.999860     0.467772294     -9.33043811
      549.999751     0.633892232     -8.95325764
      549.999628     0.752404487     -8.55939720
      549.999522     0.823987468     -8.15752112
      549.999473     0.849845529     -7.75594668
      549.999496     0.831508878     -7.36241856
      549.999585     0.770679807     -6.98393026
      549.999721     0.669119355     -6.62659849
      549.999855     0.550122746     -6.27579750
      550.000002     0.367884322     -5.72307071
      550.000109     0.132557767     -4.98075085
      550.000140    -0.148063737     -4.05852314
      549.999854    -0.473968677     -2.95075501
      549.999237    -0.845757141     -1.63868633
      549.998487     -1.23851537    -0.140455933
      549.997499     -1.61643457      1.49819097
      549.996315     -1.96786463      3.28221034
      549.995309     -2.27358995      5.21380980
      549.994487     -2.50206661      7.26031335
      549.993791     -2.63081934      9.41067092
      549.993658     -2.63444274      11.6490169
      549.994473     -2.48930051      13.9627397
      549.995777     -2.17304680      16.3460097
      549.997391     -1.66248424      18.7911362
      549.999081    -0.935135812      21.2913851
      549.999921    0.0255817066      23.8304060
      549.998470      1.22726516      26.3836058
      549.993412      2.66535219      28.9224114
      549.982853      4.32339530      31.4184254
      549.965415      6.17477639      33.8462203
      549.939228      8.18740552      36.1857778
      549.903095      10.3262593      38.4229035
      549.856787      12.5562594      40.5480186
      549.799624      14.8426696      42.5549421
      549.732354      17.1559409      44.4427322
      549.655792      19.4600180      46.2064970
      549.570505      21.7350768      47.8485874
      549.477556      23.9685087      49.3806639
      549.379378      26.1201718      50.7928115
      549.278303      28.1682104      52.0819742
      549.176352      30.0919532      53.2515313
      549.075569      31.8762585      54.3024870
      548.978274      33.5073867      55.2374758
      548.886956      34.9729679      56.0581300
      548.803469      36.2621510      56.7656728
      548.729440      37.3656590      57.3611691
      548.666624      38.2757534      57.8455360
      548.616508      38.9861289      58.2194942
      548.580266      39.4919119      58.4835745
      548.558709      39.7898098      58.6382046
      548.547925      39.9380106      58.7319019
      548.538404      40.0684045      58.8495965
      548.530439      40.1772198      58.9878927
      548.524281      40.2612914      59.1427947
      548.520124      40.3181533      59.3098206
      548.518105      40.3461145      59.4841325
      548.518291      40.3443123      59.6606761
      548.520680      40.3127439      59.8343284
      548.525200      40.2522726      60.0000465 TE
      548.531706      40.1646084      60.1530158
      548.539991      40.0522634      60.2887910
      548.549802      39.9184824      60.4034262
      548.560841      39.7671498      60.4935913
      548.572772      39.6026754      60.5566689
      548.585238      39.4298639      60.5908316
      548.597869      39.2537709      60.5950942
      548.610294      39.0795509      60.5693426
      548.622153      38.9123017      60.5143355
      548.643998      38.6021064      60.3819207
      548.680733      38.0747081      60.1568128
      548.731576      37.3324890      59.8400644
      548.795475      36.3790154      59.4332391
      548.871099      35.2188849      58.9383111
      548.956836      33.8577013      58.3576402
      549.050746      32.3018872      57.6940140
      549.150598      30.5585805      56.9506252
      549.254054      28.6357891      56.1309804
      549.359046      26.5429493      55.2387423
      549.463493      24.2888939      54.2786797
      549.564732      21.8814117      53.2536327
      549.660291      19.3307469      52.1569821
      549.747784      16.6535688      50.9369525
      549.824570      13.8921541      49.5753467
      549.888671      11.0728786      48.0679339
      549.938814      8.21413556      46.3972190
      549.974033      5.34573005      44.5510151
      549.994275      2.49758495      42.5142238
      550.000033    -0.295030878      40.2719075
      549.991941     -2.99084945      37.8097823
      549.972258     -5.54172704      35.1168888
      549.943264     -7.89165266      32.1886415
      549.909361     -9.97759932      29.0337133
      549.874655     -11.7347912      25.6794107
      549.843740     -13.1055699      22.1760452
      549.820435     -14.0497030      18.5969836
      549.807481     -14.5559868      15.0331828
      549.804905     -14.6468173      11.5720997
      549.812406     -14.3698182      8.29134732
      549.827130     -13.7891424      5.24513182
      549.846826     -12.9729614      2.46683552
      549.869249     -11.9866577   -0.0198475831
      549.892187     -10.8865969     -2.22670757
      549.914130     -9.72746232     -4.13788484
      549.933441     -8.56434573     -5.74169242
      549.949879     -7.43420737     -7.08964919
      549.963228     -6.37198218     -8.20826692
      549.973455     -5.41387093     -9.07893352
      549.980696     -4.60404957     -9.70727798
      549.985392     -3.98473259     -10.1258650
      549.988041     -3.58711152     -10.3706476
      549.990472     -3.17994545     -10.5785212
      549.992732     -2.75093911     -10.7265170
      549.994725     -2.31123327     -10.8109530
      549.996389     -1.87184800     -10.8299269
      549.997698     -1.44322592     -10.7833563
      549.998657     -1.03484618     -10.6729456
      549.999302    -0.654926410     -10.5020836
      549.999686    -0.310228950     -10.2756807

      600.000000  -0.00599610167     -9.99995620 LE
      599.999946     0.254037734     -9.68219176
      599.999818     0.467484163     -9.33044461
      599.999666     0.633272281     -8.95326685
      599.999530     0.751333415     -8.55940852
      599.999436     0.822359607     -8.15753381
      599.999401     0.847571716     -7.75595995
      599.999428     0.828518559     -7.36243159
      599.999510     0.766922286     -6.98394231
      599.999632     0.664564141     -6.62660893
      599.999753     0.544754839     -6.27580065
      599.999891     0.361241682     -5.72302417
      599.999987     0.124225380     -4.98055452
      599.999979    -0.158436828     -4.05801663
      599.999803    -0.486674268     -2.94972009
      599.999382    -0.861017677     -1.63686844
      599.998685     -1.25641148    -0.137599405
      599.997767     -1.63692421      1.50239353
      599.996697     -1.99080460      3.28819093
      599.995597     -2.29858632      5.22187306
      599.994672     -2.52850285      7.27072916
      599.994113     -2.65788257      9.42371503
      599.994099     -2.66105117      11.6649432
      599.994732     -2.51420950      13.9814505
      599.995986     -2.19472999      16.3677213
      599.997650     -1.67944493      18.8162769
      599.999253    -0.946525387      21.3180681
      600.000000    0.0218300221      23.8579599
      599.998733      1.23287122      26.4135126
      599.994017      2.67948450      28.9526573
      599.984256      4.34649487      31.4477816
      599.967892      6.20712327      33.8746039
      599.943574      8.22849781      36.2125006
      599.910278      10.3758422      38.4476294
      599.867394      12.6138732      40.5706310
      599.814768      14.9078633      42.5754181
      599.752605      17.2282507      44.4611466
      599.681786      19.5385502      46.2226167
      599.603102      21.8201673      47.8625164
      599.517424      24.0594734      49.3927301
      599.426971      26.2165190      50.8030255
      599.333658      28.2695231      52.0905868
      599.239595      30.1978171      53.2586100
      599.146785      31.9863986      54.3081206
      599.057255      33.6215065      55.2418486
      598.972995      35.0906225      56.0614843
      598.895891      36.3828530      56.7682080
      598.827671      37.4889409      57.3630287
      598.769864      38.4011657      57.8468221
      598.723773      39.1132156      58.2203061
      598.690438      39.6201972      58.4840330
      598.670608      39.9187037      58.6383949
      598.660671      40.0674500      58.7320697
      598.651895      40.1983725      58.8497396
      598.644544      40.3076840      58.9880102
      598.638848      40.3922040      59.1428865
      598.634982      40.4494528      59.3098877
      598.633071      40.4777267      59.4841765
      598.633177      40.4761528      59.6606994
      598.635302      40.4447204      59.8343338
      598.639382      40.3842880      60.0000370 TE
      598.645293      40.2965639      60.1529947
      598.652855      40.1840623      60.2887615
      598.661837      40.0500323      60.4033915
      598.671964      39.8983660      60.4935544
      598.682930      39.7334837      60.5566332
      598.694405      39.5602031      60.5908001
      598.706048      39.3835948      60.5950702
      598.717519      39.2088294      60.5693294
      598.728485      39.0410217      60.5143362
      598.748670      38.7302176      60.3821451
      598.782629      38.2016189      60.1573288
      598.829624      37.4577352      59.8409660
      598.888631      36.5021606      59.4345987
      598.958361      35.3395173      58.9402083
      599.037286      33.9754250      58.3602074
      599.123679      32.4163101      57.6974279
      599.215649      30.6692976      56.9550513
      599.311166      28.7424135      56.1364496
      599.408069      26.6451964      55.2452002
      599.504206      24.3866061      54.2861718
      599.597472      21.9743371      53.2622836
      599.685678      19.4187574      52.1671311
      599.766539      16.7361405      50.9495050
      599.837376      13.9686306      49.5897526
      599.896512      11.1433637      48.0846943
      599.942891      8.27815895      46.4166181
      599.975674      5.40281952      44.5732383
      599.994593      2.54721587      42.5394257
      599.999947    -0.253339797      40.2999799
      599.992711     -2.95739709      37.8408695
      599.974631     -5.51747190      35.1502416
      599.948300     -7.87637001      32.2235681
      599.917140     -9.97119773      29.0712394
      599.885159     -11.7386301      25.7164388
      599.856581     -13.1180044      22.2105121
      599.835029     -14.0690516      18.6291053
      599.822807     -14.5808131      15.0613669
      599.820510     -14.6750144      11.5954996
      599.827189     -14.3994213      8.31009309
      599.840854     -13.8184630      5.25950346
      599.859134     -13.0007455      2.47739763
      599.879747     -12.0120451   -0.0123701019
      599.900818     -10.9091068     -2.22161546
      599.920827     -9.74686326     -4.13467196
      599.938641     -8.58063072     -5.73980110
      599.953776     -7.44755521     -7.08861506
      599.966050     -6.38269501     -8.20778643
      599.975498     -5.42233807     -9.07876176
      599.982284     -4.61072430     -9.70723337
      599.986732     -3.99010219     -10.1258530
      599.989250     -3.59166853     -10.3706373
      599.991553     -3.18370864     -10.5785092
      599.993680     -2.75393834     -10.7265040
      599.995540     -2.31351832     -10.8109397
      599.997075     -1.87348820     -10.8299142
      599.998262     -1.44430909     -10.7833449
      599.999106     -1.03547662     -10.6729364
      599.999642    -0.655222259     -10.5020771
      599.999920    -0.310318792     -10.2756773