      400.000000  -0.00759364066     -69.9999819 LE
      399.999846     0.350570082     -69.8004849
      399.999426     0.677749869     -69.5534525
      399.998828     0.968120546     -69.2644966
      399.998150      1.21655525     -68.9398180
      399.997484      1.41867266     -68.5860137
      399.996915      1.57088715     -68.2099206
      399.996512      1.67046378     -67.8185000
      399.996321      1.71558322     -67.4187654
      399.996365      1.70539672     -67.0177413
      399.996526      1.66706581     -66.6158471
      399.996831      1.59228424     -65.9788615
      399.997328      1.46217879     -65.1144909
      399.998044      1.25097451     -64.0289650
      399.998926     0.927022352     -62.7232508
      399.999740     0.455960844     -61.1984972
      399.999954    -0.191657789     -59.4789336
      399.998656     -1.03709045     -57.6052181
      399.994495     -2.09848671     -55.6073572
      399.985682     -3.38444901     -53.5165045
      399.970080     -4.89231421     -51.3667609
      399.945296     -6.61516773     -49.1840173
      399.908873     -8.53773934     -46.9926077
      399.858410     -10.6419913     -44.8113754
      399.791638     -12.9091478     -42.6531919
      399.706556     -15.3189164     -40.5285914
      399.601449     -17.8516554     -38.4462469
      399.475029     -20.4866081     -36.4130209
      399.326388     -23.2042220     -34.4336445
      399.155083     -25.9849876     -32.5121230
      398.961126     -28.8100636     -30.6515278
      398.745003     -31.6610553     -28.8548469
      398.507703     -34.5197129     -27.1248095
      398.250695     -37.3682228     -25.4638939
      397.975950     -40.1888396     -23.8742556
      397.685857     -42.9646287     -22.3580734
      397.383305     -45.6783218     -20.9178425
      397.071325     -48.3152473     -19.5544834
      396.753517     -50.8590842     -18.2706418
      396.434677     -53.2874001     -17.0716474
      396.118144     -55.5915129     -15.9563185
      395.807570     -57.7612993     -14.9247546
      395.507139     -59.7838052     -13.9785148
      395.220925     -61.6475480     -13.1189059
      394.952912     -63.3419100     -12.3471174
      394.706868     -64.8574441     -11.6643250
      394.486304     -66.1857661     -11.0716461
      394.294410     -67.3195225     -10.5700305
      394.133994     -68.2524328     -10.1601986
      394.007426     -68.9793343     -9.84268584
      393.916586     -69.4962120     -9.61787788
      393.862830     -69.8002222     -9.48603820
      393.833481     -69.9656286     -9.43074854
      393.802836     -70.1379099     -9.40478077
      393.771785     -70.3120275     -9.40889696
      393.741238     -70.4828887     -9.44298216
      393.712095     -70.6454985     -9.50604723
      393.685220     -70.7951076     -9.59625732
      393.661416     -70.9273528     -9.71098530
      393.641395     -71.0383850     -9.84688850
      393.625758     -71.1249816     -10.0000066 TE
      393.614973     -71.1846395     -10.1658775
      393.609364     -71.2156457     -10.3396683
      393.609097     -71.2171250     -10.5163164
      393.614173     -71.1890619     -10.6906780
      393.624435     -71.1322982     -10.8576779
      393.639568     -71.0485055     -11.0124579
      393.659113     -70.9401342     -11.1505178
      393.682481     -70.8103407     -11.2678462
      393.708973     -70.6628952     -11.3610369
      393.761572     -70.3692024     -11.5130588
      393.850520     -69.8696485     -11.7715919
      393.974585     -69.1666573     -12.1353106
      394.132052     -68.2636488     -12.6023484
      394.320758     -67.1650202     -13.1703112
      394.538129     -65.8761290     -13.8362917
      394.781228     -64.4032775     -14.5968835
      395.046795     -62.7537247     -15.4481721
      395.331311     -60.9356597     -16.3857743
      395.631074     -58.9580669     -17.4048936
      395.942233     -56.8308739     -18.5002738
      396.260953     -54.5642487     -19.6663307
      396.582714     -52.1742397     -20.8984060
      396.901290     -49.6927173     -22.2152294
      397.213210     -47.1345524     -23.6307168
      397.515175     -44.5161273     -25.1430073
      397.803780     -41.8587231     -26.7511941
      398.076307     -39.1823105     -28.4549336
      398.330451     -36.5082398     -30.2522960
      398.564468     -33.8580102     -32.1400938
      398.777152     -31.2535295     -34.1136384
      398.967862     -28.7166354     -36.1667157
      399.136530     -26.2684246     -38.2904935
      399.283598     -23.9292291     -40.4740385
      399.410044     -21.7167382     -42.7034716
      399.517240     -19.6462488     -44.9619304
      399.606947     -17.7281765     -47.2302721
      399.681134     -15.9684394     -49.4858343
      399.741861     -14.3681892     -51.7050160
      399.791175     -12.9234954     -53.8625742
      399.831035     -11.6251245     -55.9368602
      399.863266     -10.4579215     -57.9086732
      399.889480     -9.40230810     -59.7562809
      399.910898     -8.44237594     -61.4708535
      399.928518     -7.56180221     -63.0393083
      399.943112     -6.74592137     -64.4491360
      399.955193     -5.98693457     -65.7056753
      399.965037     -5.28860606     -66.8037684
      399.972871     -4.65859905     -67.7184208
      399.978816     -4.11663503     -68.4335791
      399.982959     -3.69227019     -68.9475658
      399.985431     -3.41398788     -69.2651436
      399.987875     -3.11443271     -69.5600539
      399.990361     -2.77695162     -69.8103090
      399.992747     -2.40881607     -70.0102944
      399.994910     -2.01786697     -70.1555240
      399.996751     -1.61228734     -70.2428219
      399.998199     -1.20038516     -70.2704478
      399.999219    -0.790388216     -70.2381484
      399.999810    -0.390267310     -70.1471337

      450.000128  -0.00753524432     -69.9999827 LE
      450.000032     0.351632482     -69.8027015
      449.999679     0.679758857     -69.5574028
      449.999133     0.970642186     -69.2692557
      449.998462      1.21878156     -68.9441303
      449.997756      1.41945961     -68.5884444
      449.997157      1.56882250     -68.2090287
      449.996816      1.66395690     -67.8130170
      449.996788      1.70296736     -67.4077602
      449.996964      1.68503737     -67.0007537
      449.997176      1.63756370     -66.5933960
      449.997487      1.54570782     -65.9483618
      449.997976      1.38784097     -65.0746675
      449.998697      1.13643209     -63.9815534
      449.999484     0.760955018     -62.6756852
      450.000069     0.231042564     -61.1652099
      449.999873    -0.478525375     -59.4756778
      449.997998     -1.38467999     -57.6436326
      449.993177     -2.50087401     -55.6950461
      449.983822     -3.83156822     -53.6570249
      449.968066     -5.37164673     -51.5594611
      449.943704     -7.11464617     -49.4234254
      449.909197     -9.04655458     -47.2700213
      449.861645     -11.1506586     -45.1165090
      449.800006     -13.4106434     -42.9754970
      449.722380     -15.8078200     -40.8586964
      449.626859     -18.3234627     -38.7752747
      449.512532     -20.9393473     -36.7326923
      449.378787     -23.6365203     -34.7381317
      449.225225     -26.3962935     -32.7963808
      449.051422     -29.2009189     -30.9121305
      448.858583     -32.0322801     -29.0897386
      448.646647     -34.8725654     -27.3328626
      448.417510     -37.7043240     -25.6450524
      448.172796     -40.5101074     -24.0292793
      447.914484     -43.2730091     -22.4883599
      447.645288     -45.9762841     -21.0250732
      447.367581     -48.6039886     -19.6414083
      447.084734     -51.1407734     -18.3396043
      446.800041     -53.5690058     -17.1224712
      446.517894     -55.8717174     -15.9925638
      446.241322     -58.0393827     -14.9499665
      445.973675     -60.0613412     -13.9950267
      445.718630     -61.9256670     -13.1289720
      445.479729     -63.6215063     -12.3527257
      445.260355     -65.1390897     -11.6670807
      445.063654     -66.4697545     -11.0727533
      444.892488     -67.6059097     -10.5703559
      444.749375     -68.5410669     -10.1603085
      444.636444     -69.2698888     -9.84289280
      444.555383     -69.7882226     -9.61829407
      444.507432     -70.0929941     -9.48669162
      444.481153     -70.2594425     -9.43127374
      444.453715     -70.4328022     -9.40518369
      444.425917     -70.6079962     -9.40918862
      444.398573     -70.7798937     -9.44317761
      444.372490     -70.9434624     -9.50616428
      444.348444     -71.0939189     -9.59631518
      444.327152     -71.2268704     -9.71100316
      444.309252     -71.3384438     -9.84688428
      444.295281     -71.4253996     -9.99999579 TE
      444.285660     -71.4852247     -10.1658724
      444.280674     -71.5162036     -10.3396774
      444.280471     -71.5174657     -10.5163442
      444.285051     -71.4890065     -10.6907253
      444.294271     -71.4316845     -10.8577419
      444.307847     -71.3471925     -11.0125331
      444.325367     -71.2380056     -11.1505968
      444.346302     -71.1073072     -11.2679205
      444.370026     -70.9588957     -11.3610975
      444.416945     -70.6644465     -11.5125193
      444.496322     -70.1634106     -11.7701373
      444.607038     -69.4583774     -12.1325579
      444.747564     -68.5528176     -12.5979113
      444.915972     -67.4511916     -13.1637997
      445.109965     -66.1589280     -13.8273114
      445.326927     -64.6824041     -14.5850334
      445.563952     -63.0289636     -15.4330628
      445.817901     -61.2068203     -16.3669979
      446.085578     -59.2251058     -17.3821683
      446.363636     -57.0933634     -18.4730051
      446.647784     -54.8256960     -19.6357784
      446.933543     -52.4455758     -20.8788455
      447.216601     -49.9727657     -22.2160597
      447.494001     -47.4240477     -23.6521891
      447.762525     -44.8176562     -25.1862488
      448.019260     -42.1734622     -26.8175688
      448.262127     -39.5115163     -28.5448711
      448.488337     -36.8525865     -30.3656281
      448.697189     -34.2178036     -32.2760988
      448.887135     -31.6282697     -34.2710064
      449.057753     -29.1049541     -36.3432503
      449.209175     -26.6676488     -38.4836867
      449.341646     -24.3351310     -40.6803231
      449.455687     -22.1242490     -42.9190993
      449.553028     -20.0479092     -45.1835898
      449.635340     -18.1160349     -47.4537899
      449.703389     -16.3343141     -49.7083733
      449.759892     -14.7030682     -51.9247444
      449.805909     -13.2195288     -54.0784872
      449.843394     -11.8759262     -56.1485493
      449.873878     -10.6587436     -58.1145671
      449.898698     -9.55388103     -59.9544671
      449.918939     -8.54770244     -61.6586976
      449.935513     -7.62570349     -63.2132102
      449.949113     -6.77542931     -64.6040380
      449.960244     -5.99177263     -65.8345864
      449.969170     -5.27884797     -66.9018430
      449.975947     -4.64262917     -67.7876050
      449.981282     -4.09988745     -68.4801849
      449.985097     -3.67722751     -68.9788629
      449.987331     -3.40082668     -69.2876448
      449.989490     -3.10343491     -69.5748658
      449.991650     -2.76859446     -69.8183176
      449.993707     -2.40321425     -70.0127845
      449.995577     -2.01479429     -70.1540468
      449.997181     -1.61123664     -70.2390360
      449.998457     -1.20066005     -70.2659479
      449.999371    -0.791217547     -70.2343020
      449.999920    -0.390929324     -70.1449424

      500.000000  -0.00745216490     -69.9999832 LE
      499.999876     0.352399556     -69.8040619
      499.999536     0.681339303     -69.5598319
      499.999053     0.972920721     -69.2721917
      499.998508      1.22138788     -68.9468116
      499.997979      1.42178176     -68.5900037
      499.997535      1.57004170     -68.2086010
      499.997234      1.66310000     -67.8098498
      499.997113      1.69897107     -67.4013131
      499.997188      1.67681982     -66.9907778
      499.997362      1.62427848     -66.5810473
      499.997681      1.52270724     -65.9330304
      499.998181      1.34868389     -65.0567563
      499.998847      1.07360729     -63.9634329
      499.999554     0.667871187     -62.6630012
      499.999989     0.103984464     -61.1672662
      499.999590    -0.640484802     -59.5020481
      499.997504     -1.57985964     -57.7012144
      499.992576     -2.72462215     -55.7883175
      499.983379     -4.07680289     -53.7875453
      499.968304     -5.62984915     -51.7261896
      499.945572     -7.37734273     -49.6225089
      499.913389     -9.30612349     -47.4954700
      499.870017     -11.4002611     -45.3613548
      499.813789     -13.6446529     -43.2325121
      499.743225     -16.0221303     -41.1210877
      499.657101     -18.5143483     -39.0369591
      499.554402     -21.1044934     -36.9876445
      499.434448     -23.7746057     -34.9817421
      499.296912     -26.5064854     -33.0248236
      499.141752     -29.2832906     -31.1226000
      498.969347     -32.0872404     -29.2804200
      498.780429     -34.9010575     -27.5026676
      498.576110     -37.7075873     -25.7936481
      498.357885     -40.4897298     -24.1570189
      498.127597     -43.2307467     -22.5961131
      497.887421     -45.9142281     -21.1140248
      497.639872     -48.5237814     -19.7134544
      497.387655     -51.0442969     -18.3964601
      497.133660     -53.4614239     -17.1647381
      496.881797     -55.7537404     -16.0236759
      496.634954     -57.9113341     -14.9726083
      496.396013     -59.9249376     -14.0108511
      496.168257     -61.7823678     -13.1395941
      495.954862     -63.4726315     -12.3595707
      495.758864     -64.9857603     -11.6713146
      495.583088     -66.3129197     -11.0752711
      495.430103     -67.4463740     -10.5718271
      495.302173     -68.3795076     -10.1612029
      495.201211     -69.1068767     -9.84351252
      495.128735     -69.6242446     -9.61881037
      495.085834     -69.9286554     -9.48710730
      495.062309     -70.0950117     -9.43161203
      495.037737     -70.2683342     -9.40544783
      495.012835     -70.4435430     -9.40938491
      494.988334     -70.6155020     -9.44331481
      494.964957     -70.7791728     -9.50625285
      494.943399     -70.9297649     -9.59636644
      494.924305     -71.0628779     -9.71102852
      494.908246     -71.1746320     -9.84689441
      494.895705     -71.2617811     -10.0000000 TE
      494.887058     -71.3218067     -10.1658782
      494.882563     -71.3529890     -10.3396899
      494.882352     -71.3544536     -10.5163666
      494.886425     -71.3261934     -10.6907580
      494.894656     -71.2690645     -10.8577839
      494.906790     -71.1847575     -11.0125813
      494.922457     -71.0757451     -11.1506472
      494.941186     -70.9452079     -11.2679683
      494.962416     -70.7969411     -11.3611378
      495.004388     -70.5028757     -11.5124807
      495.075355     -70.0028081     -11.7698140
      495.174337     -69.2991787     -12.1318371
      495.299967     -68.3954882     -12.5966874
      495.450519     -67.2962341     -13.1619771
      495.623941     -66.0068869     -13.8248056
      495.817890     -64.5338644     -14.5817714
      496.029770     -62.8845580     -15.4289980
      496.256787     -61.0671866     -16.3620884
      496.495983     -59.0909389     -17.3764645
      496.744383     -56.9650611     -18.4663163
      496.998194     -54.7064488     -19.6294603
      497.252627     -52.3433369     -20.8832890
      497.504968     -49.8879413     -22.2374401
      497.752160     -47.3580746     -23.6909672
      497.991358     -44.7728446     -25.2435437
      498.220096     -42.1513423     -26.8944152
      498.436239     -39.5134852     -28.6416410
      498.638033     -36.8796926     -30.4821661
      498.824143     -34.2706043     -32.4117389
      498.993670     -31.7067371     -34.4245303
      499.146148     -29.2082739     -36.5126943
      499.281566     -26.7939838     -38.6666753
      499.400298     -24.4814757     -40.8735997
      499.503059     -22.2866344     -43.1193571
      499.590954     -20.2207510     -45.3872014
      499.665238     -18.2934382     -47.6567662
      499.727355     -16.5097260     -49.9078950
      499.778854     -14.8693202     -52.1180971
      499.821203     -13.3702892     -54.2639547
      499.855853     -12.0052755     -56.3247235
      499.884160     -10.7622783     -58.2797311
      499.907243     -9.63060956     -60.1073772
      499.926065     -8.59819963     -61.7980373
      499.941441     -7.65213595     -63.3372010
      499.954005     -6.78182391     -64.7107372
      499.964188     -5.98418391     -65.9211976
      499.972294     -5.26356076     -66.9666238
      499.978610     -4.62493202     -67.8326115
      499.983327     -4.08321737     -68.5099274
      499.986582     -3.66296688     -68.9983224
      499.988517     -3.38863300     -69.3012692
      499.990433     -3.09306245     -69.5838743
      499.992380     -2.76040794     -69.8232184
      499.994253     -2.39732190     -70.0143351
      499.995956     -2.01105849     -70.1531759
      499.997410     -1.60930980     -70.2367462
      499.998560     -1.20004176     -70.2632104
      499.999374    -0.791327871     -70.2319545
      499.999847    -0.391190363     -70.1436021

      550.000128  -0.00740417011     -69.9999834 LE
      550.000015     0.352724797     -69.8045571
      549.999705     0.682054486     -69.5607188
      549.999265     0.974045256     -69.2732689
      549.998769      1.22284041     -68.9478068
      549.998286      1.42338197     -68.5906085
      549.997883      1.57152090     -68.2085115
      549.997610      1.66411909     -67.8088066
      549.997503      1.69914371     -67.3991366
      549.997575      1.67573943     -66.9873958
      549.997737      1.62165999     -66.5772061
      549.998036      1.51703408     -65.9289026
      549.998501      1.33778701     -65.0529715
      549.999116      1.05497367     -63.9613561
      549.999756     0.639435606     -62.6650057
      550.000125    0.0648239493     -61.1766703
      549.999693    -0.690431740     -59.5220118
      549.997691     -1.63992127     -57.7339419
      549.993000     -2.79279584     -55.8354279
      549.984234     -4.15009198     -53.8495608
      549.970545     -5.70498616     -51.8024493
      549.949386     -7.45090550     -49.7114768
      549.919977     -9.37502643     -47.5948252
      549.880548     -11.4617128     -45.4683852
      549.829566     -13.6962022     -43.3444296
      549.765570     -16.0620127     -41.2351386
      549.687262     -18.5410886     -39.1506618
      549.594592     -21.1167673     -37.0988741
      549.485953     -23.7716580     -35.0881691
      549.361910     -26.4881880     -33.1249065
      549.221610     -29.2494422     -31.2151579
      549.065958     -32.0381154     -29.3646011
      548.895474     -34.8370669     -27.5779283
      548.711244     -37.6293728     -25.8597639
      548.514215     -40.3980646     -24.2140495
      548.306617     -43.1265683     -22.6443599
      548.089749     -45.7985590     -21.1539384
      547.866332     -48.3976044     -19.7457698
      547.638867     -50.9085896     -18.4218777
      547.409656     -53.3183518     -17.1837094
      547.181919     -55.6042190     -16.0379032
      546.959198     -57.7558485     -14.9832573
      546.743200     -59.7643334     -14.0185470
      546.537624     -61.6174926     -13.1450031
      546.344737     -63.3041841     -12.3632552
      546.167477     -64.8143745     -11.6737505
      546.008663     -66.1391858     -11.0768439
      545.870426     -67.2707811     -10.5728163
      545.754791     -68.2024808     -10.1618138
      545.663511     -68.9287939     -9.84389294
      545.597982     -69.4454457     -9.61906083
      545.559185     -69.7495006     -9.48727317
      545.537913     -69.9156492     -9.43175155
      545.515692     -70.0888025     -9.40556154
      545.493169     -70.2638841     -9.40947437
      545.471005     -70.4357603     -9.44338241
      545.449855     -70.5993931     -9.50630163
      545.430348     -70.7499915     -9.59639981
      545.413067     -70.8831535     -9.71105000
      545.398530     -70.9949968     -9.84690743
      545.387174     -71.0822721     -10.0000076 TE
      545.379337     -71.1424568     -10.1658830
      545.375251     -71.1738263     -10.3396940
      545.375034     -71.1755016     -10.5163712
      545.378689     -71.1474706     -10.6907640
      545.386100     -71.0905841     -10.8577913
      545.397040     -71.0065270     -11.0125899
      545.411177     -70.8977665     -11.1506562
      545.428087     -70.7674771     -11.2679768
      545.447265     -70.6194478     -11.3611449
      545.485202     -70.3257496     -11.5125223
      545.549352     -69.8264074     -11.7698732
      545.638886     -69.1238362     -12.1319260
      545.752600     -68.2215617     -12.5968231
      545.888674     -67.1240739     -13.1621791
      546.045261     -65.8368761     -13.8251018
      546.220605     -64.3664731     -14.5822226
      546.412155     -62.7202582     -15.4296681
      546.617135     -60.9064329     -16.3630378
      546.833572     -58.9343209     -17.3778245
      547.057851     -56.8129323     -18.4680593
      547.286961     -54.5603854     -19.6323288
      547.516495     -52.2066538     -20.8915358
      547.744351     -49.7612383     -22.2532970
      547.967185     -47.2422973     -23.7147275
      548.183030     -44.6692023     -25.2757596
      548.389275     -42.0607515     -26.9355078
      548.584190     -39.4368022     -28.6917828
      548.766167     -36.8175761     -30.5412624
      548.934310     -34.2235323     -32.4794797
      549.087081     -31.6748478     -34.5002883
      549.224897     -29.1913660     -36.5955981
      549.346971     -26.7914788     -38.7554256
      549.454514     -24.4922458     -40.9669124
      549.547515     -22.3086756     -43.2155080
      549.627001     -20.2520829     -45.4841775
      549.694296     -18.3315065     -47.7528083
      549.750779     -16.5516396     -50.0015514
      549.797936     -14.9119857     -52.2078364
      549.836359     -13.4108382     -54.3487863
      549.868328     -12.0409184     -56.4037435
      549.894255     -10.7908765     -58.3520951
      549.915445     -9.65119669     -60.1727247
      549.932722     -8.61056950     -61.8558110
      549.946829     -7.65679903     -63.3868948
      549.958336     -6.78003911     -64.7523578
      549.967640     -5.97792484     -65.9544130
      549.975024     -5.25488539     -66.9912161
      549.980759     -4.61573733     -67.8495403
      549.985033     -4.07483600     -68.5209594
      549.987977     -3.65590824     -69.0053790
      549.989726     -3.38264244     -69.3060836
      549.991460     -3.08790285     -69.5870805
      549.993222     -2.75624838     -69.8249776
      549.994917     -2.39422371     -70.0149026
      549.996459     -2.00897733     -70.1528739
      549.997777     -1.60810814     -70.2359292
      549.998820     -1.19951030     -70.2622264
      549.999559    -0.791213903     -70.2311070
      549.999989    -0.391230206     -70.1431167

      600.000000  -0.00745102862     -69.9999832 LE
      599.999896     0.352451591     -69.8041841
      599.999613     0.681451721     -69.5600563
      599.999211     0.973088959     -69.2724753
      599.998756      1.22159506     -68.9470970
      599.998315      1.42200206     -68.5902301
      599.997945      1.57024455     -68.2087163
      599.997695      1.66325445     -67.8098201
      599.997594      1.69904911     -67.4011302
      599.997657      1.67679868     -66.9904621
      599.997802      1.62414444     -66.5806714
      599.998069      1.52236850     -65.9326018
      599.998486      1.34807575     -65.0565165
      599.999041      1.07279879     -63.9637366
      599.999629     0.667236278     -62.6640039
      599.999991     0.104060240     -61.1686405
      599.999659    -0.639833070     -59.5032016
      599.997921     -1.57950641     -57.7016712
      599.993814     -2.72454426     -55.7884862
      599.986152     -4.07650613     -53.7879753
      599.973589     -5.62957298     -51.7265724
      599.954647     -7.37713173     -49.6228289
      599.927828     -9.30594580     -47.4958251
      599.891685     -11.4002589     -45.3616313
      599.844829     -13.6448014     -43.2328683
      599.786026     -16.0225865     -41.1213378
      599.714238     -18.5157467     -39.0370433
      599.628656     -21.1062815     -36.9884534
      599.528703     -23.7767541     -34.9820773
      599.414063     -26.5100274     -33.0249951
      599.284749     -29.2880400     -31.1228151
      599.141050     -32.0936497     -29.2806022
      598.983584     -34.9093954     -27.5028455
      598.813274     -37.7182019     -25.7938137
      598.631365     -40.5029553     -24.1571756
      598.439390     -43.2469273     -22.5962544
      598.239163     -45.9336883     -21.1141627
      598.032780     -48.5468242     -19.7135771
      597.822494     -51.0711847     -18.3965818
      597.610715     -53.4923687     -17.1648461
      597.400700     -55.7889209     -16.0237659
      597.194862     -57.9508128     -14.9727102
      596.995605     -59.9687261     -14.0109492
      596.805664     -61.8304040     -13.1396818
      596.627693     -63.5247692     -12.3596511
      596.464223     -65.0417623     -11.6713942
      596.317614     -66.3724597     -11.0753522
      596.190011     -67.5090463     -10.5719058
      596.083303     -68.4448357     -10.1612741
      595.999088     -69.1743241     -9.84357327
      595.938633     -69.6932257     -9.61886093
      595.902858     -69.9984584     -9.48718974
      595.883235     -70.1653093     -9.43169290
      595.862739     -70.3391501     -9.40552545
      595.841968     -70.5148863     -9.40945765
      595.821530     -70.6873667     -9.44338113
      595.802031     -70.8515375     -9.50631139
      595.784048     -71.0025931     -9.59641609
      595.768120     -71.1361195     -9.71106846
      595.754724     -71.2482240     -9.84692420
      595.744261     -71.3356497     -10.0000196 TE
      595.737048     -71.3958695     -10.1658879
      595.733297     -71.4271573     -10.3396906
      595.733120     -71.4286354     -10.5163592
      595.736517     -71.4002963     -10.6907442
      595.743381     -71.3429984     -10.8577652
      595.753502     -71.2584377     -11.0125598
      595.766570     -71.1490946     -11.1506248
      595.782193     -71.0181602     -11.2679471
      595.799901     -70.8694417     -11.3611198
      595.834903     -70.5745579     -11.5124325
      595.894101     -70.0729665     -11.7697888
      595.976667     -69.3672287     -12.1318404
      596.081460     -68.4608912     -12.5967210
      596.207037     -67.3585100     -13.1620399
      596.351686     -66.0656253     -13.8248955
      596.513449     -64.5887346     -14.5818898
      596.690160     -62.9353093     -15.4291520
      596.879487     -61.1136451     -16.3622873
      597.078963     -59.1330066     -17.3767108
      597.286104     -57.0027167     -18.4665998
      597.497744     -54.7398073     -19.6297860
      597.709893     -52.3725483     -20.8836812
      597.920288     -49.9132212     -22.2378830
      598.126377     -47.3797067     -23.6914638
      598.325793     -44.7911246     -25.2440861
      598.516480     -42.1666106     -26.8950028
      598.696659     -39.5260742     -28.6422698
      598.864869     -36.8899485     -30.4828247
      599.020000     -34.2788446     -32.4124311
      599.161302     -31.7133160     -34.4252114
      599.288394     -29.2133597     -36.5134862
      599.401251     -26.7981395     -38.6671771
      599.500193     -24.4850646     -40.8746090
      599.585867     -22.2887380     -43.1205257
      599.659113     -20.2224683     -45.3878808
      599.721019     -18.2947967     -47.6574300
      599.772789     -16.5106504     -49.9085991
      599.815707     -14.8700356     -52.1187176
      599.851000     -13.3707608     -54.2645932
      599.879875     -12.0056242     -56.3252838
      599.903466     -10.7625258     -58.2802325
      599.922705     -9.63060294     -60.1081572
      599.938389     -8.59821276     -61.7983946
      599.951198     -7.65248579     -63.3368869
      599.961663     -6.78258438     -64.7107221
      599.970149     -5.98496627     -65.9219138
      599.976910     -5.26381797     -66.9678561
      599.982177     -4.62459985     -67.8340002
      599.986110     -4.08255535     -68.5112073
      599.988823     -3.66221345     -68.9993894
      599.990435     -3.38792455     -69.3021166
      599.992031     -3.09243303     -69.5844891
      599.993652     -2.75989855     -69.8235870
      599.995212     -2.39695228     -70.0144741
      599.996630     -2.01082736     -70.1531292
      599.997842     -1.60919769     -70.2365775
      599.998800     -1.20001584     -70.2629932
      599.999478    -0.791348274     -70.2317599
      599.999872    -0.391217005     -70.1434873